#====================================================================
#
# 氷初期配置情報[ice_stage_01.txt]
# Author：Soma Ishihara
#
#====================================================================
# 0:なし , 1:通常氷 , 2:硬い氷
#====================================================================

SETICE

 2 2 2 2 2 2 2 2 2 2
2 0 2 0 0 0 0 0 1 2
 2 2 0 0 0 0 0 0 1 2
2 2 0 0 0 0 0 0 0 2
 2 0 0 0 0 0 0 0 0 2
2 2 0 0 0 0 0 0 0 2
 2 2 0 0 0 0 0 0 1 2
2 0 2 0 0 0 0 0 1 2
 2 2 2 2 2 2 2 2 2 2
2 2 2 2 2 2 2 2 2 2

END_SETICE