#====================================================================
#
# 氷配置情報[icestage.txt]
# Author：K
#
#====================================================================
# 0:なし , 1:通常氷 , 2:硬い氷
#====================================================================

SETICE

 0 0 0 0 0 0 0 0 0 0 0 0 0 0 0
0 0 0 0 0 0 0 1 0 0 0 0 0 0 0
 0 1 1 1 0 1 1 1 1 0 1 1 1 0 0
0 1 0 0 1 1 0 1 0 1 1 0 0 1 0
 1 0 0 1 0 1 0 0 1 0 1 0 0 1 0
0 1 0 1 0 1 0 1 0 1 0 1 0 1 0
 0 1 1 1 1 1 1 1 1 1 1 1 1 0 0
0 0 1 0 2 0 0 1 0 0 2 0 1 0 0
 0 1 1 1 1 1 1 1 1 1 1 1 1 0 0
0 1 0 1 0 1 0 1 0 1 0 1 0 1 0
 1 0 0 1 0 1 0 0 1 0 1 0 0 1 0
0 1 0 0 1 1 0 1 0 1 1 0 0 1 0
 0 1 1 1 0 1 1 1 1 0 1 1 1 0 0
0 0 0 0 0 0 0 1 0 0 0 0 0 0 0
 0 0 0 0 0 0 0 0 0 0 0 0 0 0 0

END_SETICE